 1.000 1.000 10.000
 1.000 2.000 15.000
 1.000 3.000 15.000
 1.000 4.000 20.000
 1.000 5.000 24.000
 2.000 1.000 11.000
 2.000 2.000 14.000
 2.000 3.000 18.000
 2.000 4.000 19.000
 2.000 5.000 19.000
 3.000 1.000 11.000
 3.000 2.000 14.000
 3.000 3.000 17.000
 3.000 4.000 17.000
 3.000 5.000 18.000
 4.000 1.000 11.000
 4.000 2.000 12.000
 4.000 3.000 16.000
 4.000 4.000 15.000
 4.000 5.000 16.000
 5.000 1.000 8.000
 5.000 2.000 11.000
 5.000 3.000 13.000
 5.000 4.000 16.000
 5.000 5.000 16.000
 6.000 1.000 9.000
 6.000 2.000 8.000
 6.000 3.000 12.000
 6.000 4.000 13.000
 6.000 5.000 16.000
 6.000 6.000 19.000
